0.500000 0.068496 0.125382 0.142872
0.500000 1.997430 1.825783 2.080469
0.500000 2.913751 1.672610 1.905929
0.500000 4.300983 2.381434 2.713630
0.500000 5.416368 2.592644 2.954302
0.500000 5.947062 1.733585 1.975410
0.500000 7.280683 2.344274 2.671286
1.000000 0.120222 0.077194 0.142872
1.000000 2.750654 1.124082 2.080469
1.000000 3.603784 1.029778 1.905929
1.000000 5.283441 1.466180 2.713630
1.000000 6.485959 1.596216 2.954302
1.000000 6.662250 1.067319 1.975410
1.000000 8.247810 1.443302 2.671286
1.500000 0.142514 0.010106 0.142872
1.500000 3.075257 0.147167 2.080469
1.500000 3.901155 0.134820 1.905929
1.500000 5.706832 0.191955 2.713630
1.500000 6.946901 0.208979 2.954302
1.500000 6.970461 0.139735 1.975410
1.500000 8.664594 0.188959 2.671286
2.000000 0.129913 -0.059456 0.142872
2.000000 2.891765 -0.865781 2.080469
2.000000 3.733056 -0.793146 1.905929
2.000000 5.467497 -1.129268 2.713630
2.000000 6.686339 -1.229423 2.954302
2.000000 6.796235 -0.822061 1.975410
2.000000 8.428993 -1.111647 2.671286
2.500000 0.085505 -0.114461 0.142872
2.500000 2.245103 -1.666755 2.080469
2.500000 3.140645 -1.526923 1.905929
2.500000 4.624032 -2.174007 2.713630
2.500000 5.768067 -2.366820 2.954302
2.500000 6.182228 -1.582587 1.975410
2.500000 7.598690 -2.140084 2.671286
3.000000 0.020162 -0.141442 0.142872
3.000000 1.293596 -2.059649 2.080469
3.000000 2.268965 -1.886855 1.905929
3.000000 3.382947 -2.686473 2.713630
3.000000 4.416911 -2.924737 2.954302
3.000000 5.278770 -1.955641 1.975410
3.000000 6.376972 -2.644553 2.671286
3.500000 -0.050117 -0.133793 0.142872
3.500000 0.270206 -1.948269 2.080469
3.500000 1.331432 -1.784820 1.905929
3.500000 2.048104 -2.541197 2.713630
3.500000 2.963680 -2.766576 2.954302
3.500000 4.307059 -1.849886 1.975410
3.500000 5.062958 -2.501543 2.671286
