0.010000 4209.671257 0.019596 4209.690853 
0.020000 4209.670480 0.020373 4209.690853 
0.030000 4209.670310 0.020543 4209.690853 
0.040000 4209.670143 0.020710 4209.690853 
0.050000 4209.669933 0.020920 4209.690853 
0.060000 4209.669927 0.020926 4209.690853 
0.070000 4209.669567 0.021286 4209.690853 
0.080000 4209.669052 0.021801 4209.690853 
0.090000 4209.668948 0.021905 4209.690853 
0.100000 4209.668366 0.022487 4209.690853 
0.110000 4209.667947 0.022906 4209.690853 
0.120000 4209.667790 0.023063 4209.690853 
0.130000 4209.667360 0.023493 4209.690853 
0.140000 4209.667358 0.023495 4209.690853 
0.150000 4209.667290 0.023563 4209.690853 
0.160000 4209.666894 0.023959 4209.690853 
0.170000 4209.666628 0.024225 4209.690853 
0.180000 4209.666624 0.024229 4209.690853 
0.190000 4209.666592 0.024260 4209.690853 
0.200000 4209.665814 0.025039 4209.690853 
0.210000 4209.665794 0.025059 4209.690853 
0.220000 4209.665384 0.025469 4209.690853 
0.230000 4209.665337 0.025516 4209.690853 
0.240000 4209.665102 0.025751 4209.690853 
0.250000 4209.665094 0.025759 4209.690853 
0.260000 4209.664995 0.025858 4209.690853 
0.270000 4209.664884 0.025969 4209.690853 
0.280000 4209.664721 0.026132 4209.690853 
0.290000 4209.664454 0.026399 4209.690853 
0.300000 4209.663691 0.027162 4209.690853 
0.310000 4209.663617 0.027236 4209.690853 
0.320000 4209.663153 0.027700 4209.690853 
0.330000 4209.662715 0.028138 4209.690853 
0.340000 4209.662520 0.028333 4209.690853 
0.350000 4209.662409 0.028444 4209.690853 
0.360000 4209.662113 0.028740 4209.690853 
0.370000 4209.661937 0.028916 4209.690853 
0.380000 4209.661705 0.029148 4209.690853 
0.390000 4209.661306 0.029547 4209.690853 
0.400000 4209.660838 0.030015 4209.690853 
0.410000 4209.660568 0.030285 4209.690853 
0.420000 4209.660304 0.030549 4209.690853 
0.430000 4209.660218 0.030635 4209.690853 
0.440000 4209.660150 0.030703 4209.690853 
0.450000 4209.659975 0.030878 4209.690853 
0.460000 4209.659968 0.030885 4209.690853 
0.470000 4209.659883 0.030970 4209.690853 
0.480000 4209.659720 0.031133 4209.690853 
0.490000 4209.659588 0.031265 4209.690853 
0.500000 4209.659444 0.031409 4209.690853 
0.510000 4209.658626 0.032227 4209.690853 
0.520000 4209.658500 0.032353 4209.690853 
0.530000 4209.658098 0.032755 4209.690853 
0.540000 4209.658060 0.032793 4209.690853 
0.550000 4209.657708 0.033145 4209.690853 
0.560000 4209.657604 0.033249 4209.690853 
0.570000 4209.657583 0.033270 4209.690853 
0.580000 4209.657521 0.033332 4209.690853 
0.590000 4209.657304 0.033549 4209.690853 
0.600000 4209.657120 0.033733 4209.690853 
0.610000 4209.657011 0.033842 4209.690853 
0.620000 4209.656863 0.033990 4209.690853 
0.630000 4209.656510 0.034343 4209.690853 
0.640000 4209.656472 0.034381 4209.690853 
0.650000 4209.656258 0.034595 4209.690853 
0.660000 4209.656081 0.034772 4209.690853 
0.670000 4209.655962 0.034891 4209.690853 
0.680000 4209.655574 0.035279 4209.690853 
0.690000 4209.655290 0.035563 4209.690853 
0.700000 4209.655145 0.035708 4209.690853 
0.710000 4209.654953 0.035900 4209.690853 
0.720000 4209.654946 0.035907 4209.690853 
0.730000 4209.654519 0.036334 4209.690853 
0.740000 4209.654463 0.036390 4209.690853 
0.750000 4209.654138 0.036715 4209.690853 
0.760000 4209.653977 0.036876 4209.690853 
0.770000 4209.653970 0.036883 4209.690853 
0.780000 4209.653797 0.037056 4209.690853 
0.790000 4209.653759 0.037094 4209.690853 
0.800000 4209.653571 0.037282 4209.690853 
0.810000 4209.653486 0.037367 4209.690853 
0.820000 4209.653420 0.037433 4209.690853 
0.830000 4209.653368 0.037485 4209.690853 
0.840000 4209.653353 0.037500 4209.690853 
0.850000 4209.653352 0.037501 4209.690853 
0.860000 4209.653255 0.037598 4209.690853 
0.870000 4209.652764 0.038089 4209.690853 
0.880000 4209.652754 0.038099 4209.690853 
0.890000 4209.652714 0.038139 4209.690853 
0.900000 4209.651897 0.038956 4209.690853 
0.910000 4209.651807 0.039046 4209.690853 
0.920000 4209.651678 0.039175 4209.690853 
0.930000 4209.651654 0.039199 4209.690853 
0.940000 4209.651029 0.039824 4209.690853 
0.950000 4209.650978 0.039875 4209.690853 
0.960000 4209.650789 0.040064 4209.690853 
0.970000 4209.650776 0.040077 4209.690853 
0.980000 4209.650418 0.040435 4209.690853 
0.990000 4209.650373 0.040480 4209.690853 
1.000000 4209.650066 0.040787 4209.690853 
1.010000 4209.649876 0.040977 4209.690853 
1.020000 4209.649807 0.041046 4209.690853 
1.030000 4209.649580 0.041273 4209.690853 
1.040000 4209.649131 0.041722 4209.690853 
1.050000 4209.649069 0.041784 4209.690853 
1.060000 4209.648826 0.042027 4209.690853 
1.070000 4209.648823 0.042030 4209.690853 
1.080000 4209.648813 0.042040 4209.690853 
1.090000 4209.648603 0.042250 4209.690853 
1.100000 4209.648388 0.042465 4209.690853 
1.110000 4209.648258 0.042595 4209.690853 
1.120000 4209.648160 0.042693 4209.690853 
1.130000 4209.648133 0.042720 4209.690853 
1.140000 4209.647972 0.042881 4209.690853 
1.150000 4209.647954 0.042899 4209.690853 
1.160000 4209.647727 0.043126 4209.690853 
1.170000 4209.647613 0.043240 4209.690853 
1.180000 4209.647561 0.043292 4209.690853 
1.190000 4209.647559 0.043294 4209.690853 
1.200000 4209.647544 0.043309 4209.690853 
1.210000 4209.647518 0.043335 4209.690853 
1.220000 4209.647064 0.043789 4209.690853 
1.230000 4209.646806 0.044047 4209.690853 
1.240000 4209.646780 0.044073 4209.690853 
1.250000 4209.646555 0.044298 4209.690853 
1.260000 4209.646458 0.044395 4209.690853 
1.270000 4209.646262 0.044591 4209.690853 
1.280000 4209.646132 0.044721 4209.690853 
1.290000 4209.645334 0.045519 4209.690853 
1.300000 4209.645229 0.045624 4209.690853 
1.310000 4209.645149 0.045704 4209.690853 
1.320000 4209.645064 0.045789 4209.690853 
1.330000 4209.645056 0.045797 4209.690853 
1.340000 4209.644937 0.045916 4209.690853 
1.350000 4209.644930 0.045923 4209.690853 
1.360000 4209.644730 0.046123 4209.690853 
1.370000 4209.644515 0.046338 4209.690853 
1.380000 4209.644463 0.046390 4209.690853 
1.390000 4209.644331 0.046522 4209.690853 
1.400000 4209.643940 0.046913 4209.690853 
1.410000 4209.643841 0.047012 4209.690853 
1.420000 4209.643763 0.047090 4209.690853 
1.430000 4209.642855 0.047998 4209.690853 
1.440000 4209.642465 0.048388 4209.690853 
1.450000 4209.642398 0.048455 4209.690853 
1.460000 4209.642200 0.048653 4209.690853 
1.470000 4209.642071 0.048782 4209.690853 
1.480000 4209.641523 0.049330 4209.690853 
1.490000 4209.641093 0.049760 4209.690853 
1.500000 4209.640443 0.050410 4209.690853 
1.510000 4209.640348 0.050505 4209.690853 
1.520000 4209.640201 0.050652 4209.690853 
1.530000 4209.640148 0.050705 4209.690853 
1.540000 4209.640130 0.050723 4209.690853 
1.550000 4209.640081 0.050772 4209.690853 
1.560000 4209.639947 0.050906 4209.690853 
1.570000 4209.639701 0.051152 4209.690853 
1.580000 4209.639385 0.051468 4209.690853 
1.590000 4209.639183 0.051670 4209.690853 
1.600000 4209.639151 0.051702 4209.690853 
1.610000 4209.639145 0.051708 4209.690853 
1.620000 4209.638775 0.052078 4209.690853 
1.630000 4209.638442 0.052411 4209.690853 
1.640000 4209.638331 0.052522 4209.690853 
1.650000 4209.637882 0.052971 4209.690853 
1.660000 4209.637763 0.053090 4209.690853 
1.670000 4209.637010 0.053843 4209.690853 
1.680000 4209.636990 0.053863 4209.690853 
1.690000 4209.636816 0.054037 4209.690853 
1.700000 4209.636441 0.054412 4209.690853 
1.710000 4209.636258 0.054595 4209.690853 
1.720000 4209.636075 0.054778 4209.690853 
1.730000 4209.635586 0.055267 4209.690853 
1.740000 4209.635333 0.055520 4209.690853 
1.750000 4209.635010 0.055843 4209.690853 
1.760000 4209.634692 0.056161 4209.690853 
1.770000 4209.634558 0.056295 4209.690853 
1.780000 4209.634538 0.056315 4209.690853 
1.790000 4209.633921 0.056932 4209.690853 
1.800000 4209.633698 0.057155 4209.690853 
1.810000 4209.633688 0.057165 4209.690853 
1.820000 4209.633668 0.057185 4209.690853 
1.830000 4209.633591 0.057262 4209.690853 
1.840000 4209.633411 0.057441 4209.690853 
1.850000 4209.633293 0.057560 4209.690853 
1.860000 4209.632713 0.058140 4209.690853 
1.870000 4209.632479 0.058374 4209.690853 
1.880000 4209.632042 0.058811 4209.690853 
1.890000 4209.632020 0.058833 4209.690853 
1.900000 4209.631170 0.059683 4209.690853 
1.910000 4209.631131 0.059722 4209.690853 
1.920000 4209.630997 0.059856 4209.690853 
1.930000 4209.630772 0.060081 4209.690853 
1.940000 4209.630045 0.060808 4209.690853 
1.950000 4209.629997 0.060856 4209.690853 
1.960000 4209.629923 0.060930 4209.690853 
1.970000 4209.629792 0.061061 4209.690853 
1.980000 4209.629271 0.061582 4209.690853 
1.990000 4209.629237 0.061616 4209.690853 
2.000000 4209.629213 0.061640 4209.690853 
2.010000 4209.628636 0.062217 4209.690853 
2.020000 4209.628175 0.062678 4209.690853 
2.030000 4209.627619 0.063234 4209.690853 
2.040000 4209.627366 0.063487 4209.690853 
2.050000 4209.627355 0.063498 4209.690853 
2.060000 4209.627213 0.063640 4209.690853 
2.070000 4209.627179 0.063674 4209.690853 
2.080000 4209.626777 0.064076 4209.690853 
2.090000 4209.626500 0.064353 4209.690853 
2.100000 4209.626061 0.064792 4209.690853 
2.110000 4209.625985 0.064868 4209.690853 
2.120000 4209.625889 0.064964 4209.690853 
2.130000 4209.625861 0.064992 4209.690853 
2.140000 4209.625826 0.065027 4209.690853 
2.150000 4209.625599 0.065254 4209.690853 
2.160000 4209.625457 0.065396 4209.690853 
2.170000 4209.625425 0.065428 4209.690853 
2.180000 4209.625340 0.065513 4209.690853 
2.190000 4209.625237 0.065616 4209.690853 
2.200000 4209.625020 0.065833 4209.690853 
2.210000 4209.624816 0.066037 4209.690853 
2.220000 4209.624756 0.066097 4209.690853 
2.230000 4209.624454 0.066399 4209.690853 
2.240000 4209.624160 0.066693 4209.690853 
2.250000 4209.623871 0.066982 4209.690853 
2.260000 4209.623623 0.067230 4209.690853 
2.270000 4209.623575 0.067278 4209.690853 
2.280000 4209.623326 0.067527 4209.690853 
2.290000 4209.623270 0.067583 4209.690853 
2.300000 4209.623204 0.067649 4209.690853 
2.310000 4209.622846 0.068007 4209.690853 
2.320000 4209.622790 0.068063 4209.690853 
2.330000 4209.622062 0.068791 4209.690853 
2.340000 4209.621827 0.069026 4209.690853 
2.350000 4209.621545 0.069308 4209.690853 
2.360000 4209.621396 0.069457 4209.690853 
2.370000 4209.621138 0.069715 4209.690853 
2.380000 4209.621008 0.069845 4209.690853 
2.390000 4209.620990 0.069863 4209.690853 
2.400000 4209.620773 0.070079 4209.690853 
2.410000 4209.620536 0.070317 4209.690853 
2.420000 4209.620466 0.070387 4209.690853 
2.430000 4209.620447 0.070406 4209.690853 
2.440000 4209.620375 0.070478 4209.690853 
2.450000 4209.619996 0.070857 4209.690853 
2.460000 4209.619890 0.070963 4209.690853 
2.470000 4209.619595 0.071258 4209.690853 
2.480000 4209.619576 0.071277 4209.690853 
2.490000 4209.619384 0.071469 4209.690853 
2.500000 4209.619226 0.071627 4209.690853 
2.510000 4209.619200 0.071653 4209.690853 
2.520000 4209.618706 0.072147 4209.690853 
2.530000 4209.618414 0.072439 4209.690853 
2.540000 4209.618036 0.072817 4209.690853 
2.550000 4209.618018 0.072835 4209.690853 
2.560000 4209.617866 0.072987 4209.690853 
2.570000 4209.617564 0.073288 4209.690853 
2.580000 4209.617176 0.073677 4209.690853 
2.590000 4209.617138 0.073715 4209.690853 
2.600000 4209.616985 0.073868 4209.690853 
2.610000 4209.616772 0.074081 4209.690853 
2.620000 4209.616603 0.074250 4209.690853 
2.630000 4209.616603 0.074250 4209.690853 
2.640000 4209.616570 0.074283 4209.690853 
2.650000 4209.616412 0.074441 4209.690853 
2.660000 4209.616375 0.074478 4209.690853 
2.670000 4209.616287 0.074566 4209.690853 
2.680000 4209.616250 0.074603 4209.690853 
2.690000 4209.616043 0.074810 4209.690853 
2.700000 4209.615941 0.074912 4209.690853 
2.710000 4209.615866 0.074987 4209.690853 
2.720000 4209.615836 0.075017 4209.690853 
2.730000 4209.615649 0.075204 4209.690853 
2.740000 4209.615520 0.075332 4209.690853 
2.750000 4209.614805 0.076048 4209.690853 
2.760000 4209.614514 0.076339 4209.690853 
2.770000 4209.613992 0.076861 4209.690853 
2.780000 4209.613751 0.077102 4209.690853 
2.790000 4209.613652 0.077201 4209.690853 
2.800000 4209.613208 0.077645 4209.690853 
2.810000 4209.613000 0.077853 4209.690853 
2.820000 4209.612546 0.078307 4209.690853 
2.830000 4209.612382 0.078471 4209.690853 
2.840000 4209.612064 0.078789 4209.690853 
2.850000 4209.611979 0.078874 4209.690853 
2.860000 4209.611932 0.078921 4209.690853 
2.870000 4209.611863 0.078989 4209.690853 
2.880000 4209.611772 0.079081 4209.690853 
2.890000 4209.611496 0.079357 4209.690853 
2.900000 4209.611486 0.079367 4209.690853 
2.910000 4209.611290 0.079563 4209.690853 
2.920000 4209.611218 0.079635 4209.690853 
2.930000 4209.611212 0.079641 4209.690853 
2.940000 4209.611201 0.079652 4209.690853 
2.950000 4209.610786 0.080067 4209.690853 
2.960000 4209.610706 0.080147 4209.690853 
2.970000 4209.610689 0.080164 4209.690853 
2.980000 4209.610646 0.080207 4209.690853 
2.990000 4209.610602 0.080251 4209.690853 
3.000000 4209.610503 0.080350 4209.690853 
3.010000 4209.610488 0.080365 4209.690853 
3.020000 4209.610456 0.080397 4209.690853 
3.030000 4209.610380 0.080473 4209.690853 
3.040000 4209.609799 0.081054 4209.690853 
3.050000 4209.609791 0.081062 4209.690853 
3.060000 4209.609766 0.081087 4209.690853 
3.070000 4209.609500 0.081353 4209.690853 
3.080000 4209.609107 0.081746 4209.690853 
3.090000 4209.608828 0.082025 4209.690853 
3.100000 4209.608641 0.082212 4209.690853 
3.110000 4209.608288 0.082565 4209.690853 
3.120000 4209.607981 0.082872 4209.690853 
3.130000 4209.607937 0.082916 4209.690853 
3.140000 4209.607926 0.082927 4209.690853 
3.150000 4209.607650 0.083203 4209.690853 
3.160000 4209.607595 0.083258 4209.690853 
3.170000 4209.607473 0.083380 4209.690853 
3.180000 4209.607127 0.083726 4209.690853 
3.190000 4209.607099 0.083754 4209.690853 
3.200000 4209.606729 0.084124 4209.690853 
3.210000 4209.606451 0.084402 4209.690853 
3.220000 4209.606073 0.084780 4209.690853 
3.230000 4209.606059 0.084794 4209.690853 
3.240000 4209.605626 0.085227 4209.690853 
3.250000 4209.605515 0.085338 4209.690853 
3.260000 4209.605203 0.085650 4209.690853 
3.270000 4209.605061 0.085792 4209.690853 
3.280000 4209.604876 0.085977 4209.690853 
3.290000 4209.604596 0.086257 4209.690853 
3.300000 4209.604500 0.086353 4209.690853 
3.310000 4209.604126 0.086727 4209.690853 
3.320000 4209.604080 0.086773 4209.690853 
3.330000 4209.604055 0.086798 4209.690853 
3.340000 4209.604038 0.086815 4209.690853 
3.350000 4209.604008 0.086845 4209.690853 
3.360000 4209.603913 0.086940 4209.690853 
3.370000 4209.603624 0.087229 4209.690853 
3.380000 4209.603274 0.087579 4209.690853 
3.390000 4209.603259 0.087594 4209.690853 
3.400000 4209.603180 0.087673 4209.690853 
3.410000 4209.603137 0.087716 4209.690853 
3.420000 4209.603124 0.087729 4209.690853 
3.430000 4209.603056 0.087797 4209.690853 
3.440000 4209.603020 0.087833 4209.690853 
3.450000 4209.603019 0.087834 4209.690853 
3.460000 4209.603012 0.087841 4209.690853 
3.470000 4209.602887 0.087966 4209.690853 
3.480000 4209.602823 0.088030 4209.690853 
3.490000 4209.602707 0.088146 4209.690853 
3.500000 4209.602690 0.088163 4209.690853 
3.510000 4209.602506 0.088347 4209.690853 
3.520000 4209.602480 0.088373 4209.690853 
3.530000 4209.602327 0.088526 4209.690853 
3.540000 4209.602231 0.088622 4209.690853 
3.550000 4209.601822 0.089031 4209.690853 
3.560000 4209.601777 0.089076 4209.690853 
3.570000 4209.601690 0.089163 4209.690853 
3.580000 4209.601654 0.089199 4209.690853 
3.590000 4209.601049 0.089804 4209.690853 
3.600000 4209.600674 0.090179 4209.690853 
3.610000 4209.600587 0.090266 4209.690853 
3.620000 4209.600553 0.090300 4209.690853 
3.630000 4209.600372 0.090481 4209.690853 
3.640000 4209.600221 0.090632 4209.690853 
3.650000 4209.599780 0.091073 4209.690853 
3.660000 4209.599688 0.091165 4209.690853 
3.670000 4209.599393 0.091460 4209.690853 
3.680000 4209.599054 0.091799 4209.690853 
3.690000 4209.598959 0.091894 4209.690853 
3.700000 4209.598877 0.091976 4209.690853 
3.710000 4209.598816 0.092037 4209.690853 
3.720000 4209.598631 0.092222 4209.690853 
3.730000 4209.598446 0.092407 4209.690853 
3.740000 4209.598396 0.092457 4209.690853 
3.750000 4209.598346 0.092507 4209.690853 
3.760000 4209.598075 0.092778 4209.690853 
3.770000 4209.597962 0.092891 4209.690853 
3.780000 4209.597871 0.092982 4209.690853 
3.790000 4209.597734 0.093119 4209.690853 
3.800000 4209.597607 0.093246 4209.690853 
3.810000 4209.597455 0.093398 4209.690853 
3.820000 4209.597330 0.093523 4209.690853 
3.830000 4209.597181 0.093672 4209.690853 
3.840000 4209.597092 0.093761 4209.690853 
3.850000 4209.596958 0.093895 4209.690853 
3.860000 4209.596655 0.094198 4209.690853 
3.870000 4209.596020 0.094833 4209.690853 
3.880000 4209.595920 0.094933 4209.690853 
3.890000 4209.595915 0.094938 4209.690853 
3.900000 4209.595858 0.094995 4209.690853 
3.910000 4209.595724 0.095129 4209.690853 
3.920000 4209.595581 0.095272 4209.690853 
3.930000 4209.595527 0.095326 4209.690853 
3.940000 4209.594981 0.095872 4209.690853 
3.950000 4209.594547 0.096306 4209.690853 
3.960000 4209.594527 0.096326 4209.690853 
3.970000 4209.594411 0.096442 4209.690853 
3.980000 4209.594254 0.096599 4209.690853 
3.990000 4209.593823 0.097030 4209.690853 
4.000000 4209.593668 0.097185 4209.690853 
4.010000 4209.593564 0.097289 4209.690853 
4.020000 4209.593560 0.097293 4209.690853 
4.030000 4209.593504 0.097349 4209.690853 
4.040000 4209.593115 0.097738 4209.690853 
4.050000 4209.593102 0.097751 4209.690853 
4.060000 4209.593037 0.097816 4209.690853 
4.070000 4209.592956 0.097897 4209.690853 
4.080000 4209.592687 0.098166 4209.690853 
4.090000 4209.592599 0.098254 4209.690853 
4.100000 4209.592362 0.098491 4209.690853 
4.110000 4209.592349 0.098504 4209.690853 
4.120000 4209.592304 0.098549 4209.690853 
4.130000 4209.591956 0.098897 4209.690853 
4.140000 4209.591512 0.099341 4209.690853 
4.150000 4209.591455 0.099398 4209.690853 
4.160000 4209.591333 0.099520 4209.690853 
4.170000 4209.591239 0.099614 4209.690853 
4.180000 4209.591167 0.099686 4209.690853 
4.190000 4209.591104 0.099749 4209.690853 
4.200000 4209.591048 0.099805 4209.690853 
4.210000 4209.590752 0.100101 4209.690853 
4.220000 4209.590735 0.100118 4209.690853 
4.230000 4209.590655 0.100198 4209.690853 
4.240000 4209.590622 0.100231 4209.690853 
4.250000 4209.590612 0.100241 4209.690853 
4.260000 4209.590209 0.100644 4209.690853 
4.270000 4209.590094 0.100759 4209.690853 
4.280000 4209.589740 0.101113 4209.690853 
4.290000 4209.589576 0.101277 4209.690853 
4.300000 4209.589413 0.101440 4209.690853 
4.310000 4209.589312 0.101541 4209.690853 
4.320000 4209.588980 0.101873 4209.690853 
4.330000 4209.588826 0.102027 4209.690853 
4.340000 4209.588558 0.102295 4209.690853 
4.350000 4209.588465 0.102388 4209.690853 
4.360000 4209.588323 0.102530 4209.690853 
4.370000 4209.588312 0.102541 4209.690853 
4.380000 4209.587945 0.102908 4209.690853 
4.390000 4209.587781 0.103072 4209.690853 
4.400000 4209.587386 0.103467 4209.690853 
4.410000 4209.587123 0.103729 4209.690853 
4.420000 4209.587103 0.103750 4209.690853 
4.430000 4209.587013 0.103840 4209.690853 
4.440000 4209.586979 0.103874 4209.690853 
4.450000 4209.586973 0.103880 4209.690853 
4.460000 4209.586890 0.103963 4209.690853 
4.470000 4209.586811 0.104042 4209.690853 
4.480000 4209.586767 0.104086 4209.690853 
4.490000 4209.586593 0.104260 4209.690853 
4.500000 4209.586571 0.104282 4209.690853 
4.510000 4209.586560 0.104293 4209.690853 
4.520000 4209.586537 0.104316 4209.690853 
4.530000 4209.586398 0.104455 4209.690853 
4.540000 4209.586395 0.104458 4209.690853 
4.550000 4209.586378 0.104475 4209.690853 
4.560000 4209.586217 0.104636 4209.690853 
4.570000 4209.585986 0.104867 4209.690853 
4.580000 4209.585913 0.104940 4209.690853 
4.590000 4209.585838 0.105015 4209.690853 
4.600000 4209.585792 0.105061 4209.690853 
4.610000 4209.585482 0.105371 4209.690853 
4.620000 4209.585304 0.105549 4209.690853 
4.630000 4209.585195 0.105658 4209.690853 
4.640000 4209.585093 0.105760 4209.690853 
4.650000 4209.584872 0.105981 4209.690853 
4.660000 4209.584767 0.106086 4209.690853 
4.670000 4209.584592 0.106261 4209.690853 
4.680000 4209.584583 0.106270 4209.690853 
4.690000 4209.584569 0.106283 4209.690853 
4.700000 4209.584328 0.106525 4209.690853 
4.710000 4209.584294 0.106559 4209.690853 
4.720000 4209.584017 0.106836 4209.690853 
4.730000 4209.583908 0.106945 4209.690853 
4.740000 4209.583881 0.106972 4209.690853 
4.750000 4209.583785 0.107068 4209.690853 
4.760000 4209.583546 0.107307 4209.690853 
4.770000 4209.583298 0.107555 4209.690853 
4.780000 4209.583280 0.107573 4209.690853 
4.790000 4209.583199 0.107654 4209.690853 
4.800000 4209.582587 0.108266 4209.690853 
4.810000 4209.582453 0.108400 4209.690853 
4.820000 4209.582451 0.108402 4209.690853 
4.830000 4209.582386 0.108466 4209.690853 
4.840000 4209.581905 0.108948 4209.690853 
4.850000 4209.581795 0.109058 4209.690853 
4.860000 4209.581500 0.109353 4209.690853 
4.870000 4209.580998 0.109855 4209.690853 
4.880000 4209.580864 0.109989 4209.690853 
4.890000 4209.580514 0.110339 4209.690853 
4.900000 4209.580279 0.110574 4209.690853 
4.910000 4209.580229 0.110624 4209.690853 
4.920000 4209.579944 0.110909 4209.690853 
4.930000 4209.579916 0.110937 4209.690853 
4.940000 4209.579821 0.111032 4209.690853 
4.950000 4209.579769 0.111084 4209.690853 
4.960000 4209.579650 0.111203 4209.690853 
4.970000 4209.579587 0.111266 4209.690853 
4.980000 4209.579538 0.111315 4209.690853 
4.990000 4209.579490 0.111363 4209.690853 
5.000000 4209.579342 0.111510 4209.690853 
5.010000 4209.579229 0.111624 4209.690853 
5.020000 4209.579184 0.111669 4209.690853 
5.030000 4209.578936 0.111917 4209.690853 
5.040000 4209.578867 0.111986 4209.690853 
5.050000 4209.578592 0.112261 4209.690853 
5.060000 4209.578462 0.112391 4209.690853 
5.070000 4209.578446 0.112407 4209.690853 
5.080000 4209.578444 0.112409 4209.690853 
5.090000 4209.578241 0.112612 4209.690853 
5.100000 4209.578220 0.112633 4209.690853 
5.110000 4209.577903 0.112950 4209.690853 
5.120000 4209.577871 0.112982 4209.690853 
5.130000 4209.577831 0.113022 4209.690853 
5.140000 4209.577607 0.113246 4209.690853 
5.150000 4209.577597 0.113256 4209.690853 
5.160000 4209.577383 0.113470 4209.690853 
5.170000 4209.577321 0.113532 4209.690853 
5.180000 4209.577202 0.113651 4209.690853 
5.190000 4209.577058 0.113795 4209.690853 
5.200000 4209.576989 0.113864 4209.690853 
5.210000 4209.576630 0.114223 4209.690853 
5.220000 4209.576467 0.114386 4209.690853 
5.230000 4209.576360 0.114493 4209.690853 
5.240000 4209.576337 0.114516 4209.690853 
5.250000 4209.576254 0.114599 4209.690853 
5.260000 4209.575929 0.114924 4209.690853 
5.270000 4209.575727 0.115126 4209.690853 
5.280000 4209.575619 0.115234 4209.690853 
5.290000 4209.575596 0.115257 4209.690853 
5.300000 4209.575574 0.115279 4209.690853 
5.310000 4209.575358 0.115495 4209.690853 
5.320000 4209.575332 0.115521 4209.690853 
5.330000 4209.575141 0.115712 4209.690853 
5.340000 4209.575025 0.115828 4209.690853 
5.350000 4209.574935 0.115918 4209.690853 
5.360000 4209.574759 0.116094 4209.690853 
5.370000 4209.574663 0.116190 4209.690853 
5.380000 4209.574298 0.116555 4209.690853 
5.390000 4209.574282 0.116571 4209.690853 
5.400000 4209.574254 0.116599 4209.690853 
5.410000 4209.573870 0.116983 4209.690853 
5.420000 4209.573815 0.117038 4209.690853 
5.430000 4209.573557 0.117295 4209.690853 
5.440000 4209.573537 0.117316 4209.690853 
5.450000 4209.573249 0.117604 4209.690853 
5.460000 4209.573219 0.117634 4209.690853 
5.470000 4209.573161 0.117692 4209.690853 
5.480000 4209.573113 0.117740 4209.690853 
5.490000 4209.573099 0.117754 4209.690853 
5.500000 4209.572865 0.117988 4209.690853 
5.510000 4209.572836 0.118017 4209.690853 
5.520000 4209.572766 0.118087 4209.690853 
5.530000 4209.572196 0.118657 4209.690853 
5.540000 4209.572088 0.118765 4209.690853 
5.550000 4209.571994 0.118859 4209.690853 
5.560000 4209.571931 0.118922 4209.690853 
5.570000 4209.571605 0.119248 4209.690853 
5.580000 4209.571319 0.119534 4209.690853 
5.590000 4209.571197 0.119656 4209.690853 
5.600000 4209.570950 0.119903 4209.690853 
5.610000 4209.570730 0.120123 4209.690853 
5.620000 4209.570533 0.120320 4209.690853 
5.630000 4209.570259 0.120594 4209.690853 
5.640000 4209.570012 0.120841 4209.690853 
5.650000 4209.569895 0.120958 4209.690853 
5.660000 4209.569820 0.121033 4209.690853 
5.670000 4209.569616 0.121237 4209.690853 
5.680000 4209.569410 0.121443 4209.690853 
5.690000 4209.569313 0.121540 4209.690853 
5.700000 4209.569160 0.121693 4209.690853 
5.710000 4209.569033 0.121820 4209.690853 
5.720000 4209.568677 0.122175 4209.690853 
5.730000 4209.568645 0.122208 4209.690853 
5.740000 4209.568624 0.122229 4209.690853 
5.750000 4209.568341 0.122512 4209.690853 
5.760000 4209.567938 0.122915 4209.690853 
5.770000 4209.567825 0.123028 4209.690853 
5.780000 4209.567642 0.123211 4209.690853 
5.790000 4209.567546 0.123307 4209.690853 
5.800000 4209.567455 0.123398 4209.690853 
5.810000 4209.567448 0.123405 4209.690853 
5.820000 4209.567201 0.123652 4209.690853 
5.830000 4209.567131 0.123722 4209.690853 
5.840000 4209.567091 0.123762 4209.690853 
5.850000 4209.567017 0.123836 4209.690853 
5.860000 4209.566928 0.123925 4209.690853 
5.870000 4209.566511 0.124342 4209.690853 
5.880000 4209.566028 0.124825 4209.690853 
5.890000 4209.565605 0.125248 4209.690853 
5.900000 4209.564807 0.126046 4209.690853 
5.910000 4209.564398 0.126455 4209.690853 
5.920000 4209.564246 0.126607 4209.690853 
5.930000 4209.564153 0.126700 4209.690853 
5.940000 4209.563803 0.127050 4209.690853 
5.950000 4209.563653 0.127200 4209.690853 
5.960000 4209.563643 0.127210 4209.690853 
5.970000 4209.563524 0.127329 4209.690853 
5.980000 4209.563515 0.127338 4209.690853 
5.990000 4209.563332 0.127521 4209.690853 
6.000000 4209.563267 0.127586 4209.690853 
6.010000 4209.563108 0.127745 4209.690853 
6.020000 4209.563070 0.127783 4209.690853 
6.030000 4209.563059 0.127794 4209.690853 
6.040000 4209.562968 0.127885 4209.690853 
6.050000 4209.562610 0.128243 4209.690853 
6.060000 4209.562607 0.128246 4209.690853 
6.070000 4209.562230 0.128623 4209.690853 
6.080000 4209.561884 0.128969 4209.690853 
6.090000 4209.561861 0.128992 4209.690853 
6.100000 4209.561844 0.129009 4209.690853 
6.110000 4209.561677 0.129176 4209.690853 
6.120000 4209.561520 0.129333 4209.690853 
6.130000 4209.561306 0.129547 4209.690853 
6.140000 4209.560996 0.129857 4209.690853 
6.150000 4209.560986 0.129867 4209.690853 
6.160000 4209.560984 0.129869 4209.690853 
6.170000 4209.560697 0.130156 4209.690853 
6.180000 4209.560600 0.130253 4209.690853 
6.190000 4209.560281 0.130572 4209.690853 
6.200000 4209.560032 0.130821 4209.690853 
6.210000 4209.559964 0.130888 4209.690853 
6.220000 4209.559840 0.131013 4209.690853 
6.230000 4209.559644 0.131209 4209.690853 
6.240000 4209.559629 0.131224 4209.690853 
6.250000 4209.559456 0.131397 4209.690853 
6.260000 4209.558946 0.131906 4209.690853 
6.270000 4209.558802 0.132051 4209.690853 
6.280000 4209.558720 0.132133 4209.690853 
6.290000 4209.558578 0.132275 4209.690853 
6.300000 4209.558491 0.132362 4209.690853 
6.310000 4209.558189 0.132664 4209.690853 
6.320000 4209.558119 0.132734 4209.690853 
6.330000 4209.557954 0.132899 4209.690853 
6.340000 4209.557827 0.133026 4209.690853 
6.350000 4209.557566 0.133287 4209.690853 
6.360000 4209.557394 0.133459 4209.690853 
6.370000 4209.557381 0.133472 4209.690853 
6.380000 4209.557352 0.133501 4209.690853 
6.390000 4209.557277 0.133576 4209.690853 
6.400000 4209.557039 0.133814 4209.690853 
6.410000 4209.556499 0.134354 4209.690853 
6.420000 4209.556422 0.134431 4209.690853 
6.430000 4209.556416 0.134437 4209.690853 
6.440000 4209.556249 0.134604 4209.690853 
6.450000 4209.556186 0.134667 4209.690853 
6.460000 4209.556118 0.134735 4209.690853 
6.470000 4209.556062 0.134791 4209.690853 
6.480000 4209.555762 0.135091 4209.690853 
6.490000 4209.555685 0.135168 4209.690853 
6.500000 4209.555623 0.135230 4209.690853 
6.510000 4209.555512 0.135341 4209.690853 
6.520000 4209.555267 0.135586 4209.690853 
6.530000 4209.554412 0.136441 4209.690853 
6.540000 4209.554183 0.136670 4209.690853 
6.550000 4209.554098 0.136755 4209.690853 
6.560000 4209.554032 0.136821 4209.690853 
6.570000 4209.553944 0.136909 4209.690853 
6.580000 4209.553413 0.137440 4209.690853 
6.590000 4209.553049 0.137804 4209.690853 
6.600000 4209.552721 0.138132 4209.690853 
6.610000 4209.552477 0.138376 4209.690853 
6.620000 4209.552378 0.138475 4209.690853 
6.630000 4209.552248 0.138605 4209.690853 
6.640000 4209.551542 0.139311 4209.690853 
6.650000 4209.551346 0.139507 4209.690853 
6.660000 4209.551117 0.139736 4209.690853 
6.670000 4209.550467 0.140386 4209.690853 
6.680000 4209.550294 0.140559 4209.690853 
6.690000 4209.549680 0.141173 4209.690853 
6.700000 4209.549621 0.141232 4209.690853 
6.710000 4209.549412 0.141440 4209.690853 
6.720000 4209.549003 0.141850 4209.690853 
6.730000 4209.548997 0.141856 4209.690853 
6.740000 4209.548957 0.141896 4209.690853 
6.750000 4209.548836 0.142017 4209.690853 
6.760000 4209.548835 0.142018 4209.690853 
6.770000 4209.548536 0.142317 4209.690853 
6.780000 4209.548506 0.142347 4209.690853 
6.790000 4209.548055 0.142798 4209.690853 
6.800000 4209.547994 0.142859 4209.690853 
6.810000 4209.547859 0.142994 4209.690853 
6.820000 4209.547444 0.143409 4209.690853 
6.830000 4209.547383 0.143470 4209.690853 
6.840000 4209.547226 0.143627 4209.690853 
6.850000 4209.547091 0.143762 4209.690853 
6.860000 4209.547006 0.143847 4209.690853 
6.870000 4209.546921 0.143932 4209.690853 
6.880000 4209.546893 0.143960 4209.690853 
6.890000 4209.546830 0.144023 4209.690853 
6.900000 4209.546811 0.144042 4209.690853 
6.910000 4209.546582 0.144271 4209.690853 
6.920000 4209.546470 0.144383 4209.690853 
6.930000 4209.546428 0.144425 4209.690853 
6.940000 4209.546300 0.144553 4209.690853 
6.950000 4209.546065 0.144788 4209.690853 
6.960000 4209.546063 0.144790 4209.690853 
6.970000 4209.545994 0.144859 4209.690853 
6.980000 4209.545790 0.145063 4209.690853 
6.990000 4209.545708 0.145145 4209.690853 
7.000000 4209.545566 0.145287 4209.690853 
7.010000 4209.545459 0.145394 4209.690853 
7.020000 4209.545144 0.145709 4209.690853 
7.030000 4209.544340 0.146513 4209.690853 
7.040000 4209.544271 0.146582 4209.690853 
7.050000 4209.544090 0.146763 4209.690853 
7.060000 4209.544064 0.146789 4209.690853 
7.070000 4209.543810 0.147043 4209.690853 
7.080000 4209.542630 0.148223 4209.690853 
7.090000 4209.542399 0.148454 4209.690853 
7.100000 4209.542248 0.148605 4209.690853 
7.110000 4209.542171 0.148682 4209.690853 
7.120000 4209.542043 0.148810 4209.690853 
7.130000 4209.542043 0.148810 4209.690853 
7.140000 4209.541948 0.148905 4209.690853 
7.150000 4209.541924 0.148929 4209.690853 
7.160000 4209.541911 0.148942 4209.690853 
7.170000 4209.541435 0.149418 4209.690853 
7.180000 4209.541013 0.149840 4209.690853 
7.190000 4209.540955 0.149898 4209.690853 
7.200000 4209.540473 0.150380 4209.690853 
7.210000 4209.539762 0.151091 4209.690853 
7.220000 4209.539438 0.151415 4209.690853 
7.230000 4209.539095 0.151758 4209.690853 
7.240000 4209.538871 0.151982 4209.690853 
7.250000 4209.538767 0.152086 4209.690853 
7.260000 4209.538262 0.152591 4209.690853 
7.270000 4209.537940 0.152913 4209.690853 
7.280000 4209.537462 0.153391 4209.690853 
7.290000 4209.537445 0.153408 4209.690853 
7.300000 4209.536206 0.154647 4209.690853 
7.310000 4209.536138 0.154715 4209.690853 
7.320000 4209.535592 0.155261 4209.690853 
7.330000 4209.535570 0.155283 4209.690853 
7.340000 4209.535429 0.155424 4209.690853 
7.350000 4209.535303 0.155550 4209.690853 
7.360000 4209.535271 0.155582 4209.690853 
7.370000 4209.535157 0.155696 4209.690853 
7.380000 4209.535147 0.155706 4209.690853 
7.390000 4209.534992 0.155861 4209.690853 
7.400000 4209.534895 0.155958 4209.690853 
7.410000 4209.534864 0.155989 4209.690853 
7.420000 4209.534567 0.156286 4209.690853 
7.430000 4209.534510 0.156343 4209.690853 
7.440000 4209.534430 0.156423 4209.690853 
7.450000 4209.533255 0.157598 4209.690853 
7.460000 4209.533211 0.157642 4209.690853 
7.470000 4209.532998 0.157855 4209.690853 
7.480000 4209.532794 0.158059 4209.690853 
7.490000 4209.532684 0.158169 4209.690853 
7.500000 4209.532403 0.158450 4209.690853 
7.510000 4209.532392 0.158461 4209.690853 
7.520000 4209.532212 0.158641 4209.690853 
7.530000 4209.531698 0.159155 4209.690853 
7.540000 4209.531438 0.159415 4209.690853 
7.550000 4209.531273 0.159580 4209.690853 
7.560000 4209.531107 0.159746 4209.690853 
7.570000 4209.530969 0.159884 4209.690853 
7.580000 4209.530931 0.159922 4209.690853 
7.590000 4209.530853 0.160000 4209.690853 
7.600000 4209.530783 0.160070 4209.690853 
7.610000 4209.530766 0.160087 4209.690853 
7.620000 4209.530706 0.160147 4209.690853 
7.630000 4209.530573 0.160280 4209.690853 
7.640000 4209.530457 0.160396 4209.690853 
7.650000 4209.530374 0.160479 4209.690853 
7.660000 4209.530035 0.160818 4209.690853 
7.670000 4209.530032 0.160821 4209.690853 
7.680000 4209.530001 0.160852 4209.690853 
7.690000 4209.529938 0.160915 4209.690853 
7.700000 4209.529796 0.161057 4209.690853 
7.710000 4209.529196 0.161657 4209.690853 
7.720000 4209.529116 0.161737 4209.690853 
7.730000 4209.528977 0.161876 4209.690853 
7.740000 4209.528967 0.161886 4209.690853 
7.750000 4209.528293 0.162560 4209.690853 
7.760000 4209.528255 0.162598 4209.690853 
7.770000 4209.527644 0.163209 4209.690853 
7.780000 4209.527403 0.163450 4209.690853 
7.790000 4209.527269 0.163584 4209.690853 
7.800000 4209.527174 0.163679 4209.690853 
7.810000 4209.527067 0.163786 4209.690853 
7.820000 4209.526838 0.164015 4209.690853 
7.830000 4209.526385 0.164468 4209.690853 
7.840000 4209.526375 0.164478 4209.690853 
7.850000 4209.526294 0.164559 4209.690853 
7.860000 4209.525698 0.165155 4209.690853 
7.870000 4209.525633 0.165220 4209.690853 
7.880000 4209.525383 0.165470 4209.690853 
7.890000 4209.525219 0.165634 4209.690853 
7.900000 4209.525070 0.165783 4209.690853 
7.910000 4209.524866 0.165987 4209.690853 
7.920000 4209.524819 0.166034 4209.690853 
7.930000 4209.524813 0.166040 4209.690853 
7.940000 4209.524515 0.166338 4209.690853 
7.950000 4209.524375 0.166478 4209.690853 
7.960000 4209.524333 0.166520 4209.690853 
7.970000 4209.523956 0.166897 4209.690853 
7.980000 4209.523918 0.166935 4209.690853 
7.990000 4209.523828 0.167025 4209.690853 
8.000000 4209.523515 0.167338 4209.690853 
8.010000 4209.523455 0.167398 4209.690853 
8.020000 4209.523378 0.167475 4209.690853 
8.030000 4209.522936 0.167917 4209.690853 
8.040000 4209.522932 0.167921 4209.690853 
8.050000 4209.522929 0.167924 4209.690853 
8.060000 4209.522410 0.168443 4209.690853 
8.070000 4209.522339 0.168514 4209.690853 
8.080000 4209.522335 0.168518 4209.690853 
8.090000 4209.522200 0.168653 4209.690853 
8.100000 4209.521897 0.168956 4209.690853 
8.110000 4209.521872 0.168981 4209.690853 
8.120000 4209.521790 0.169063 4209.690853 
8.130000 4209.521476 0.169377 4209.690853 
8.140000 4209.521321 0.169532 4209.690853 
8.150000 4209.521223 0.169630 4209.690853 
8.160000 4209.521058 0.169795 4209.690853 
8.170000 4209.520985 0.169868 4209.690853 
8.180000 4209.520778 0.170075 4209.690853 
8.190000 4209.520623 0.170230 4209.690853 
8.200000 4209.520322 0.170531 4209.690853 
8.210000 4209.520076 0.170777 4209.690853 
8.220000 4209.519711 0.171142 4209.690853 
8.230000 4209.519658 0.171195 4209.690853 
8.240000 4209.519233 0.171620 4209.690853 
8.250000 4209.519145 0.171708 4209.690853 
8.260000 4209.519120 0.171733 4209.690853 
8.270000 4209.518984 0.171869 4209.690853 
8.280000 4209.518920 0.171933 4209.690853 
8.290000 4209.518790 0.172063 4209.690853 
8.300000 4209.518758 0.172095 4209.690853 
8.310000 4209.518537 0.172316 4209.690853 
8.320000 4209.518103 0.172750 4209.690853 
8.330000 4209.517958 0.172895 4209.690853 
8.340000 4209.517896 0.172957 4209.690853 
8.350000 4209.517579 0.173274 4209.690853 
8.360000 4209.517564 0.173289 4209.690853 
8.370000 4209.517090 0.173763 4209.690853 
8.380000 4209.516830 0.174023 4209.690853 
8.390000 4209.516393 0.174460 4209.690853 
8.400000 4209.516337 0.174516 4209.690853 
8.410000 4209.516105 0.174748 4209.690853 
8.420000 4209.516097 0.174756 4209.690853 
8.430000 4209.515644 0.175209 4209.690853 
8.440000 4209.515445 0.175408 4209.690853 
8.450000 4209.515291 0.175562 4209.690853 
8.460000 4209.515118 0.175735 4209.690853 
8.470000 4209.515082 0.175771 4209.690853 
8.480000 4209.515075 0.175778 4209.690853 
8.490000 4209.515043 0.175810 4209.690853 
8.500000 4209.514880 0.175973 4209.690853 
8.510000 4209.514759 0.176094 4209.690853 
8.520000 4209.514636 0.176217 4209.690853 
8.530000 4209.514599 0.176254 4209.690853 
8.540000 4209.514426 0.176426 4209.690853 
8.550000 4209.513644 0.177209 4209.690853 
8.560000 4209.513464 0.177389 4209.690853 
8.570000 4209.513296 0.177557 4209.690853 
8.580000 4209.513133 0.177720 4209.690853 
8.590000 4209.513115 0.177738 4209.690853 
8.600000 4209.512918 0.177935 4209.690853 
8.610000 4209.512477 0.178376 4209.690853 
8.620000 4209.512430 0.178423 4209.690853 
8.630000 4209.512383 0.178470 4209.690853 
8.640000 4209.512366 0.178487 4209.690853 
8.650000 4209.512293 0.178560 4209.690853 
8.660000 4209.512244 0.178609 4209.690853 
8.670000 4209.512125 0.178728 4209.690853 
8.680000 4209.512074 0.178779 4209.690853 
8.690000 4209.512020 0.178833 4209.690853 
8.700000 4209.511906 0.178947 4209.690853 
8.710000 4209.511649 0.179204 4209.690853 
8.720000 4209.511270 0.179583 4209.690853 
8.730000 4209.511143 0.179710 4209.690853 
8.740000 4209.511053 0.179800 4209.690853 
8.750000 4209.511025 0.179828 4209.690853 
8.760000 4209.510895 0.179958 4209.690853 
8.770000 4209.510587 0.180266 4209.690853 
8.780000 4209.510221 0.180632 4209.690853 
8.790000 4209.510170 0.180682 4209.690853 
8.800000 4209.509789 0.181064 4209.690853 
8.810000 4209.509635 0.181218 4209.690853 
8.820000 4209.509154 0.181699 4209.690853 
8.830000 4209.509149 0.181704 4209.690853 
8.840000 4209.509145 0.181708 4209.690853 
8.850000 4209.508947 0.181906 4209.690853 
8.860000 4209.508928 0.181925 4209.690853 
8.870000 4209.508297 0.182556 4209.690853 
8.880000 4209.508268 0.182585 4209.690853 
8.890000 4209.508086 0.182767 4209.690853 
8.900000 4209.508077 0.182776 4209.690853 
8.910000 4209.507856 0.182997 4209.690853 
8.920000 4209.507723 0.183130 4209.690853 
8.930000 4209.507705 0.183148 4209.690853 
8.940000 4209.507501 0.183352 4209.690853 
8.950000 4209.507475 0.183378 4209.690853 
8.960000 4209.507453 0.183400 4209.690853 
8.970000 4209.507297 0.183556 4209.690853 
8.980000 4209.507223 0.183630 4209.690853 
8.990000 4209.506535 0.184318 4209.690853 
9.000000 4209.506430 0.184423 4209.690853 
9.010000 4209.506092 0.184761 4209.690853 
9.020000 4209.506053 0.184800 4209.690853 
9.030000 4209.506014 0.184839 4209.690853 
9.040000 4209.506008 0.184845 4209.690853 
9.050000 4209.505560 0.185292 4209.690853 
9.060000 4209.505539 0.185314 4209.690853 
9.070000 4209.505376 0.185477 4209.690853 
9.080000 4209.505335 0.185518 4209.690853 
9.090000 4209.505298 0.185555 4209.690853 
9.100000 4209.505187 0.185666 4209.690853 
9.110000 4209.505018 0.185835 4209.690853 
9.120000 4209.504817 0.186036 4209.690853 
9.130000 4209.504476 0.186377 4209.690853 
9.140000 4209.504292 0.186561 4209.690853 
9.150000 4209.504124 0.186729 4209.690853 
9.160000 4209.504026 0.186827 4209.690853 
9.170000 4209.503945 0.186908 4209.690853 
9.180000 4209.503913 0.186940 4209.690853 
9.190000 4209.503892 0.186961 4209.690853 
9.200000 4209.503738 0.187115 4209.690853 
9.210000 4209.503615 0.187238 4209.690853 
9.220000 4209.503066 0.187787 4209.690853 
9.230000 4209.502976 0.187877 4209.690853 
9.240000 4209.502900 0.187953 4209.690853 
9.250000 4209.502690 0.188163 4209.690853 
9.260000 4209.502424 0.188429 4209.690853 
9.270000 4209.502125 0.188728 4209.690853 
9.280000 4209.502080 0.188773 4209.690853 
9.290000 4209.502058 0.188795 4209.690853 
9.300000 4209.501897 0.188955 4209.690853 
9.310000 4209.501740 0.189113 4209.690853 
9.320000 4209.501392 0.189461 4209.690853 
9.330000 4209.501362 0.189491 4209.690853 
9.340000 4209.501292 0.189561 4209.690853 
9.350000 4209.501193 0.189660 4209.690853 
9.360000 4209.501041 0.189812 4209.690853 
9.370000 4209.501023 0.189830 4209.690853 
9.380000 4209.500980 0.189873 4209.690853 
9.390000 4209.500704 0.190149 4209.690853 
9.400000 4209.500623 0.190230 4209.690853 
9.410000 4209.500564 0.190289 4209.690853 
9.420000 4209.500480 0.190373 4209.690853 
9.430000 4209.500415 0.190438 4209.690853 
9.440000 4209.500340 0.190513 4209.690853 
9.450000 4209.500290 0.190563 4209.690853 
9.460000 4209.500204 0.190649 4209.690853 
9.470000 4209.500200 0.190653 4209.690853 
9.480000 4209.500185 0.190668 4209.690853 
9.490000 4209.500066 0.190787 4209.690853 
9.500000 4209.499960 0.190893 4209.690853 
9.510000 4209.499869 0.190983 4209.690853 
9.520000 4209.499772 0.191081 4209.690853 
9.530000 4209.499456 0.191397 4209.690853 
9.540000 4209.498927 0.191925 4209.690853 
9.550000 4209.498761 0.192092 4209.690853 
9.560000 4209.498370 0.192483 4209.690853 
9.570000 4209.498099 0.192754 4209.690853 
9.580000 4209.498099 0.192754 4209.690853 
9.590000 4209.497982 0.192871 4209.690853 
9.600000 4209.497294 0.193559 4209.690853 
9.610000 4209.497287 0.193566 4209.690853 
9.620000 4209.497247 0.193606 4209.690853 
9.630000 4209.496940 0.193913 4209.690853 
9.640000 4209.496805 0.194048 4209.690853 
9.650000 4209.496273 0.194580 4209.690853 
9.660000 4209.496124 0.194729 4209.690853 
9.670000 4209.495861 0.194992 4209.690853 
9.680000 4209.495848 0.195005 4209.690853 
9.690000 4209.495706 0.195147 4209.690853 
9.700000 4209.495070 0.195783 4209.690853 
9.710000 4209.494731 0.196122 4209.690853 
9.720000 4209.494617 0.196236 4209.690853 
9.730000 4209.494566 0.196287 4209.690853 
9.740000 4209.494438 0.196415 4209.690853 
9.750000 4209.494327 0.196526 4209.690853 
9.760000 4209.494219 0.196634 4209.690853 
9.770000 4209.493973 0.196880 4209.690853 
9.780000 4209.493698 0.197155 4209.690853 
9.790000 4209.493592 0.197261 4209.690853 
9.800000 4209.493575 0.197278 4209.690853 
9.810000 4209.493338 0.197515 4209.690853 
9.820000 4209.493333 0.197520 4209.690853 
9.830000 4209.493293 0.197560 4209.690853 
9.840000 4209.493099 0.197754 4209.690853 
9.850000 4209.492891 0.197962 4209.690853 
9.860000 4209.492875 0.197978 4209.690853 
9.870000 4209.492870 0.197983 4209.690853 
9.880000 4209.492817 0.198036 4209.690853 
9.890000 4209.492272 0.198581 4209.690853 
9.900000 4209.492181 0.198672 4209.690853 
9.910000 4209.491976 0.198877 4209.690853 
9.920000 4209.491761 0.199092 4209.690853 
9.930000 4209.491725 0.199128 4209.690853 
9.940000 4209.491453 0.199400 4209.690853 
9.950000 4209.491400 0.199453 4209.690853 
9.960000 4209.491305 0.199548 4209.690853 
9.970000 4209.491139 0.199714 4209.690853 
9.980000 4209.491116 0.199737 4209.690853 
9.990000 4209.490447 0.200406 4209.690853 
10.000000 4209.490116 0.200737 4209.690853 
10.010000 4209.489966 0.200887 4209.690853 
