-0.181009 
0.668251 
-0.671425 
0.400508 
-0.243354 
-0.416110 
-0.815224 
-0.411490 
-0.816644 
0.910122 
-0.086967 
-0.247204 
0.609408 
0.472591 
-0.146915 
0.836542 
0.950081 
-0.165810 
0.377562 
0.142369 
0.698814 
-0.325397 
-0.477869 
0.506671 
0.775326 
-0.317777 
-0.737934 
-0.421323 
-0.834007 
0.692830 
-0.011351 
-0.033404 
0.645144 
0.312496 
-0.452537 
-0.691013 
0.224017 
0.963107 
0.724822 
0.397313 
0.047975 
0.458675 
-0.468675 
0.082172 
0.579940 
0.038957 
0.423254 
-0.572404 
-0.455314 
0.391881 
0.140310 
-0.687884 
-0.994258 
-0.352991 
-0.534919 
0.967939 
0.943352 
-0.742272 
-0.971973 
0.040278 
0.333181 
-0.542086 
0.487707 
-0.819945 
0.338998 
0.902178 
-0.432718 
-0.564151 
-0.503144 
0.880397 
-0.932200 
-0.977201 
0.955911 
-0.021170 
0.536307 
0.886426 
0.554486 
-0.878456 
-0.014367 
-0.984003 
-0.544951 
-0.902866 
0.478402 
-0.604988 
-0.667436 
-0.263289 
-0.670894 
-0.922820 
-0.146630 
-0.422288 
-0.991547 
-0.517167 
0.874601 
0.550390 
-0.637947 
-0.801511 
0.903275 
0.246777 
-0.212545 
-0.317899 
-0.774245 
-0.313816 
0.804848 
-0.702238 
0.775380 
-0.691884 
0.326064 
0.662709 
-0.869658 
-0.583986 
0.678157 
-0.498048 
-0.897617 
0.769035 
-0.482499 
0.778063 
-0.582370 
0.233402 
0.355684 
0.293624 
0.228900 
-0.004662 
-0.148036 
0.130555 
-0.625234 
-0.140327 
0.481111 
-0.820283 
0.049099 
-0.366441 
0.840718 
0.718930 
0.304151 
-0.750929 
0.944389 
-0.023163 
0.273724 
-0.976041 
-0.988639 
0.954537 
-0.338404 
0.589496 
-0.214100 
-0.496120 
0.788054 
0.288799 
-0.693521 
-0.355447 
0.884013 
0.737243 
0.035075 
0.292147 
0.007414 
-0.219597 
0.872238 
-0.254720 
0.883787 
-0.378463 
0.386693 
0.779987 
0.246078 
0.557406 
-0.437162 
0.519483 
0.516814 
-0.204397 
-0.621643 
0.476564 
-0.798806 
0.540967 
-0.617830 
0.734762 
-0.022810 
-0.725597 
0.750309 
-0.114722 
0.547763 
-0.379003 
0.434453 
-0.076664 
-0.203068 
0.733822 
0.042681 
0.652614 
-0.719510 
0.535673 
-0.918709 
-0.552977 
0.814036 
0.211353 
0.827644 
-0.225193 
-0.711001 
-0.732763 
0.696094 
0.605159 
0.080289 
0.086184 
-0.995605 
-0.186800 
-0.431472 
0.805088 
0.470999 
-0.885444 
-0.017063 
-0.265607 
0.849437 
-0.823071 
0.253747 
0.544265 
0.354187 
-0.662479 
0.010850 
0.286918 
-0.012909 
-0.441509 
-0.830801 
-0.191893 
-0.984669 
-0.155048 
-0.386192 
-0.687619 
-0.083276 
-0.216594 
-0.474956 
-0.427132 
-0.840729 
0.069717 
-0.618967 
-0.580637 
0.603907 
-0.617959 
-0.022664 
0.619371 
-0.798750 
0.465330 
0.360222 
0.095387 
-0.376362 
-0.355474 
-0.207287 
-0.436738 
0.553521 
-0.736335 
0.925242 
-0.424103 
-0.570117 
0.118761 
0.777359 
-0.419226 
0.026957 
-0.133614 
0.949333 
-0.578886 
0.352099 
0.334747 
0.383510 
-0.712931 
-0.424454 
-0.019175 
-0.797986 
0.909496 
-0.619010 
-0.335296 
-0.968942 
0.398988 
-0.898733 
0.665057 
-0.360019 
0.462295 
-0.968420 
0.870958 
0.423563 
-0.707061 
0.435250 
0.208403 
0.103421 
0.986204 
-0.284044 
-0.630084 
0.060069 
0.787433 
-0.857295 
0.738052 
0.079902 
0.915453 
-0.706314 
0.723607 
0.311170 
-0.001907 
-0.270726 
-0.944103 
0.270903 
-0.079011 
0.682980 
-0.408959 
-0.544870 
0.933796 
-0.403075 
-0.967368 
0.519225 
0.956089 
0.617547 
0.877478 
0.641704 
0.234546 
-0.961134 
-0.025554 
0.866699 
-0.330107 
0.033616 
0.948293 
-0.582867 
0.400082 
0.117626 
-0.510187 
0.952965 
0.493221 
0.268016 
0.275669 
0.550096 
-0.084212 
0.233857 
0.987023 
0.761616 
0.292275 
0.693548 
-0.742661 
-0.184539 
0.505320 
-0.555282 
0.660087 
-0.708764 
-0.898901 
0.973139 
-0.958406 
0.856403 
-0.290738 
-0.429364 
0.725313 
0.536872 
-0.288899 
-0.248481 
-0.293778 
0.115025 
-0.379150 
0.093073 
0.962921 
-0.631366 
-0.637157 
0.109509 
0.976924 
-0.120408 
0.538346 
-0.214166 
-0.911416 
-0.413016 
0.291596 
-0.750279 
-0.195381 
-0.095726 
-0.229356 
-0.492170 
-0.378003 
-0.207006 
0.344885 
-0.645630 
-0.669904 
0.443763 
-0.811454 
0.058838 
-0.104461 
0.480237 
-0.149832 
-0.484732 
0.803310 
0.308296 
-0.508780 
-0.687916 
-0.962340 
0.942600 
0.045083 
0.929960 
-0.318792 
-0.186944 
-0.502528 
0.914311 
-0.103507 
-0.240640 
-0.254523 
0.961250 
-0.857389 
-0.964715 
0.244660 
0.522562 
0.793881 
0.155559 
-0.406755 
-0.494898 
-0.917418 
-0.634182 
-0.744728 
-0.899282 
0.247485 
0.555728 
-0.955971 
0.365939 
-0.625680 
0.559360 
-0.642128 
0.879591 
-0.464012 
0.494434 
-0.579891 
-0.547249 
0.034550 
-0.870813 
0.225667 
-0.004670 
-0.044277 
0.737583 
0.679388 
-0.072287 
0.266990 
0.073434 
0.922537 
-0.039358 
0.418057 
0.650349 
0.308120 
-0.443845 
0.909551 
0.721508 
0.472957 
-0.166467 
-0.340157 
-0.285091 
0.980674 
-0.295485 
0.545935 
0.034813 
0.091632 
-0.911886 
0.057626 
-0.980363 
0.565497 
0.508201 
-0.264902 
0.077927 
-0.037316 
-0.140628 
-0.167835 
-0.886149 
-0.341272 
-0.205711 
-0.457108 
0.577585 
0.521982 
0.852871 
0.512945 
0.436539 
-0.572093 
-0.081636 
0.245786 
0.865917 
0.230078 
-0.522679 
-0.220711 
0.083982 
0.756242 
-0.159425 
0.779618 
0.805479 
0.563104 
0.068175 
0.374674 
-0.982335 
-0.061728 
-0.641536 
0.394087 
-0.338899 
0.803592 
-0.152630 
0.008103 
-0.404864 
-0.051968 
0.443157 
-0.522387 
0.304554 
-0.173185 
0.141686 
-0.921878 
0.010257 
-0.162171 
0.918573 
-0.408585 
-0.903697 
-0.463721 
0.438182 
0.315729 
-0.674228 
0.071870 
-0.366935 
-0.896539 
0.165975 
0.900956 
0.284484 
-0.874908 
-0.321172 
0.707386 
-0.832399 
-0.951502 
0.508501 
0.040130 
-0.027503 
-0.370275 
-0.609613 
0.601471 
-0.088135 
0.914968 
-0.693006 
-0.213895 
0.771927 
-0.772664 
0.735148 
0.144477 
0.808736 
0.118460 
-0.246249 
-0.194198 
0.734710 
0.209145 
-0.752395 
0.075318 
0.115549 
-0.595905 
0.444712 
-0.644369 
0.148746 
-0.346758 
-0.879893 
-0.518292 
0.080143 
-0.844674 
-0.181175 
-0.573746 
0.441124 
-0.216400 
0.350561 
-0.439984 
-0.946933 
0.329446 
0.070193 
0.742408 
-0.124529 
0.348321 
0.192525 
-0.668825 
-0.066910 
0.572809 
-0.680452 
0.994182 
0.204664 
0.409197 
0.736523 
-0.984942 
-0.668320 
0.180328 
-0.277021 
0.661750 
-0.522166 
-0.023291 
-0.949168 
0.794575 
-0.787441 
0.897971 
0.789840 
0.914320 
-0.161180 
0.266152 
0.004077 
-0.389965 
0.540731 
0.401043 
-0.244727 
0.058560 
-0.740291 
-0.663567 
0.491638 
-0.337462 
-0.917114 
0.190242 
0.481431 
-0.300803 
-0.061388 
-0.877883 
0.020680 
-0.561803 
0.724461 
-0.787337 
0.730356 
0.730375 
-0.866493 
0.527089 
0.421026 
0.433212 
0.215297 
-0.673548 
0.484375 
0.422744 
-0.587681 
0.401703 
-0.025314 
-0.522500 
0.722009 
0.575018 
0.466086 
0.066846 
-0.190016 
-0.443833 
0.720862 
-0.087321 
-0.742057 
0.470540 
0.244046 
0.550221 
0.834836 
-0.607832 
0.277438 
0.949962 
0.018189 
0.990673 
0.517377 
-0.041408 
0.230931 
0.811569 
-0.546556 
0.029118 
-0.540203 
0.376216 
-0.223856 
-0.215866 
-0.489355 
0.420486 
0.183428 
-0.920484 
-0.347435 
0.007103 
-0.620616 
0.002323 
-0.375196 
0.801487 
0.276529 
-0.867068 
0.281216 
-0.158083 
0.120197 
-0.871570 
-0.860753 
0.875052 
0.088892 
0.140859 
0.470972 
-0.616816 
-0.668734 
-0.380122 
0.296871 
0.655218 
-0.222814 
0.061583 
-0.465994 
-0.793532 
0.757839 
-0.640908 
-0.641232 
0.846535 
0.709247 
0.208606 
-0.272587 
0.349706 
-0.987527 
0.279047 
0.164515 
-0.548535 
0.901851 
-0.789377 
0.127002 
-0.959846 
0.771152 
0.287002 
0.906638 
-0.446508 
0.409345 
-0.689139 
0.686141 
-0.018549 
-0.058483 
0.693665 
-0.909251 
-0.304400 
0.311559 
0.378635 
-0.709926 
0.223902 
0.228677 
-0.064822 
-0.978614 
0.577141 
-0.884974 
-0.056997 
0.488593 
0.293726 
-0.216579 
-0.958055 
-0.313750 
-0.441869 
-0.539639 
-0.639433 
0.164712 
-0.603958 
0.832486 
0.375593 
-0.905193 
0.247862 
-0.938612 
0.073129 
-0.591856 
-0.259548 
0.803303 
0.356235 
0.423986 
-0.349893 
0.445837 
0.772774 
0.005441 
-0.413264 
-0.995218 
0.730282 
0.587139 
-0.114809 
0.232785 
-0.096566 
0.531366 
-0.321728 
-0.811267 
-0.894235 
-0.060886 
0.637107 
-0.966601 
0.139792 
0.482723 
-0.457979 
0.469590 
0.264796 
0.061537 
-0.403414 
0.886182 
-0.618618 
-0.840659 
0.977385 
0.799217 
0.230568 
0.956882 
0.402909 
0.159518 
0.142237 
-0.623658 
0.882456 
-0.638080 
0.476509 
-0.615402 
0.761355 
0.292362 
-0.800927 
-0.073092 
0.261632 
-0.800813 
0.067695 
-0.696389 
0.117542 
0.129516 
-0.603766 
-0.685239 
0.679205 
0.769735 
0.570416 
-0.088928 
0.456716 
0.549917 
-0.896879 
0.262731 
-0.496903 
-0.123825 
-0.705699 
-0.602507 
0.942795 
0.262776 
-0.777874 
0.426180 
0.022808 
-0.679736 
-0.798897 
0.866422 
0.815550 
-0.648637 
0.479455 
0.239092 
0.255137 
0.679385 
0.440973 
0.124558 
-0.936275 
0.474307 
0.970663 
-0.296395 
-0.739444 
0.746978 
0.884502 
-0.797370 
0.348778 
-0.378790 
-0.013745 
-0.705421 
-0.852349 
0.116321 
0.858784 
0.493919 
-0.415984 
0.554107 
0.569120 
0.367897 
0.379467 
-0.098026 
-0.851769 
0.590974 
0.081405 
0.579798 
-0.161752 
-0.232111 
-0.490947 
-0.704124 
-0.253354 
-0.511662 
-0.879393 
0.414031 
-0.440245 
0.983090 
-0.618717 
0.868680 
0.217587 
-0.428926 
0.533914 
-0.060412 
0.822951 
0.392582 
-0.127950 
-0.552402 
-0.563211 
0.540144 
0.110429 
-0.503108 
0.018513 
-0.921789 
0.812975 
-0.919630 
-0.508141 
0.407627 
0.929431 
-0.085147 
-0.422914 
0.252081 
-0.441030 
0.195360 
-0.385768 
-0.510326 
-0.565182 
0.996413 
-0.261530 
0.042601 
-0.419605 
0.111657 
0.641177 
-0.590058 
0.466223 
-0.442263 
0.684813 
-0.143040 
0.974858 
-0.981261 
-0.367869 
0.513696 
-0.005752 
-0.315779 
-0.911515 
0.130626 
-0.986351 
-0.432077 
-0.873837 
0.207136 
0.941712 
-0.412800 
0.811066 
0.309429 
-0.707242 
0.143156 
0.806821 
-0.341960 
0.923294 
0.572536 
0.333719 
0.215169 
-0.315593 
-0.981429 
0.767708 
0.915925 
0.460325 
0.104882 
-0.959051 
0.897983 
0.411737 
0.012841 
-0.358099 
0.966343 
0.023506 
-0.279628 
0.169536 
-0.621745 
-0.033300 
-0.508303 
-0.023560 
0.285206 
0.101900 
-0.091855 
-0.291746 
0.552912 
-0.717073 
0.803053 
-0.601806 
0.212048 
-0.443325 
0.734615 
-0.823248 
-0.796367 
-0.523919 
0.509364 
-0.625695 
0.630866 
0.294500 
-0.335686 
0.647478 
0.261613 
0.781825 
-0.380621 
-0.009261 
0.815829 
-0.342274 
0.897721 
0.694147 
0.364038 
0.005580 
0.618438 
0.895898 
0.183871 
0.853717 
-0.825775 
0.654487 
0.916075 
0.391764 
0.140279 
0.893415 
-0.846877 
0.781929 
0.681196 
0.678242 
-0.475636 
0.956129 
-0.683982 
0.594571 
0.869538 
0.177326 
-0.551289 
-0.848015 
0.258783 
-0.647890 
-0.728214 
0.921711 
0.140236 
-0.024087 
-0.478646 
0.615729 
-0.116691 
-0.623550 
-0.962560 
0.896570 
0.088260 
0.892581 
-0.019917 
-0.041857 
0.816010 
0.432428 
