0.002641 
0.468834 
0.924099 
0.310194 
0.495156 
-0.600860 
0.649757 
0.877136 
0.425192 
0.722159 
-0.592961 
0.203993 
0.280228 
0.537100 
-0.699913 
0.298425 
-0.990480 
0.006664 
-0.550172 
-0.359293 
0.109925 
0.386273 
-0.896856 
0.989058 
0.674516 
-0.241744 
0.305362 
-0.615321 
-0.552658 
-0.691125 
-0.234751 
0.449982 
0.777708 
-0.310652 
-0.239823 
0.272865 
0.088488 
-0.590065 
0.150001 
-0.486320 
-0.867905 
0.557040 
0.717672 
0.412323 
0.094140 
-0.982240 
-0.289252 
0.103660 
0.024424 
0.160576 
0.744366 
-0.865651 
-0.453151 
0.847509 
-0.876593 
-0.778634 
-0.394234 
0.428769 
-0.393955 
0.053107 
0.737643 
0.371293 
-0.496910 
0.515351 
-0.939358 
0.263267 
-0.211784 
0.149129 
0.673201 
0.938217 
0.662809 
0.805295 
0.495257 
0.380482 
0.217618 
-0.410602 
0.398241 
0.928366 
0.693057 
-0.577335 
0.088942 
0.437424 
-0.442986 
0.635791 
0.284933 
-0.319579 
0.857156 
0.890699 
-0.890809 
-0.536799 
-0.056193 
0.846833 
0.834493 
0.446896 
0.362185 
0.895134 
-0.289837 
-0.849598 
0.044264 
-0.616635 
-0.911380 
-0.292927 
-0.811339 
0.583876 
-0.912444 
0.406279 
-0.826725 
0.485796 
0.334645 
0.866331 
0.908461 
-0.576412 
0.303755 
-0.534525 
-0.940621 
-0.411311 
0.145896 
0.916534 
-0.520612 
0.255086 
-0.620264 
0.423194 
0.101920 
-0.785771 
-0.129909 
-0.535895 
-0.890636 
0.580254 
-0.385493 
0.153628 
0.963618 
-0.296874 
0.860701 
-0.847721 
-0.712997 
0.948256 
0.558558 
-0.539723 
0.434052 
-0.106797 
-0.673392 
0.342513 
0.316790 
0.630363 
0.807988 
0.376168 
-0.780948 
-0.046116 
0.292703 
-0.301560 
-0.791030 
0.672438 
-0.878365 
0.310889 
0.886667 
-0.008275 
0.774994 
0.996031 
-0.428021 
-0.610499 
0.149659 
-0.464402 
0.092627 
0.010360 
-0.312123 
0.379629 
-0.041384 
-0.753565 
0.839906 
-0.607331 
0.139638 
-0.833486 
0.735182 
-0.543572 
0.796877 
0.543170 
0.832596 
-0.984071 
-0.502946 
0.125300 
-0.285631 
-0.293976 
-0.202261 
-0.163997 
-0.983086 
-0.315594 
0.827727 
0.791908 
-0.319562 
-0.600293 
-0.818590 
0.830097 
-0.064695 
0.274036 
-0.159542 
0.623182 
-0.346334 
0.799074 
0.869617 
-0.506428 
-0.808257 
0.009255 
-0.339914 
0.926925 
0.465683 
-0.543037 
0.470095 
0.298280 
-0.527108 
0.967149 
-0.576420 
0.187260 
-0.326826 
0.221319 
-0.976737 
-0.309912 
0.905725 
0.850990 
-0.518004 
-0.413837 
-0.749302 
-0.336594 
-0.583739 
0.186002 
0.937441 
0.256718 
-0.190815 
-0.408892 
0.055793 
-0.321198 
0.084679 
0.247536 
0.688056 
0.744765 
0.174461 
0.153740 
-0.798272 
-0.355444 
-0.547980 
-0.325380 
-0.388294 
-0.124400 
0.861880 
0.284879 
-0.903081 
0.885142 
0.974967 
-0.997356 
0.736133 
-0.543037 
-0.411193 
0.986830 
0.120369 
0.005067 
0.172833 
0.057810 
-0.738214 
0.982017 
0.648918 
0.317578 
-0.339181 
-0.266402 
-0.434886 
-0.651124 
-0.521637 
0.739574 
0.502615 
-0.319909 
-0.615869 
0.954635 
0.354710 
-0.004163 
-0.169765 
0.216590 
-0.719283 
-0.072846 
0.101733 
-0.744316 
-0.070203 
-0.162133 
-0.287353 
0.518604 
-0.175303 
0.833015 
-0.476329 
0.997530 
-0.109174 
-0.214543 
0.979548 
-0.460256 
-0.896965 
-0.359632 
0.273341 
-0.331851 
-0.010757 
0.751704 
-0.592276 
-0.508141 
-0.568205 
-0.208145 
-0.553505 
0.786505 
0.787691 
0.276729 
0.003096 
-0.931591 
-0.796117 
-0.895170 
-0.675908 
0.133680 
-0.057304 
0.036739 
-0.347716 
0.767393 
-0.130245 
0.175955 
0.764923 
0.760580 
0.961411 
0.744472 
-0.699675 
-0.935553 
-0.615160 
0.573666 
-0.267404 
0.374083 
0.325370 
0.140319 
0.865942 
0.757165 
0.932173 
-0.687563 
0.543670 
0.719865 
0.589165 
-0.453233 
0.788273 
0.793048 
-0.348404 
-0.887634 
-0.073271 
0.594291 
0.149105 
0.579013 
0.361685 
-0.981140 
-0.245031 
0.126608 
0.779440 
-0.283619 
-0.128919 
-0.920235 
-0.219173 
0.255920 
0.653430 
0.513422 
-0.369997 
-0.021199 
-0.346258 
-0.504055 
-0.264034 
-0.414084 
-0.191618 
-0.720363 
-0.694219 
-0.602452 
-0.173597 
-0.905945 
-0.809403 
0.477998 
-0.793579 
0.117325 
0.072290 
0.355525 
-0.303661 
-0.566025 
0.374385 
0.451307 
0.560583 
0.153825 
-0.832312 
-0.568336 
0.233589 
-0.051485 
0.687583 
-0.112980 
-0.538063 
-0.682413 
0.865820 
0.115679 
-0.186468 
-0.398213 
0.701594 
0.621913 
-0.118577 
-0.992624 
-0.980538 
0.707825 
-0.898569 
-0.789942 
0.185823 
-0.692149 
0.327382 
-0.741887 
0.663376 
-0.976279 
-0.307913 
0.037762 
0.475028 
-0.747329 
-0.808413 
0.642715 
-0.315666 
0.425176 
-0.408770 
-0.628082 
-0.687804 
0.053167 
-0.310496 
-0.821983 
-0.831153 
0.503036 
-0.220197 
0.870440 
0.124949 
0.661225 
0.877816 
0.144410 
0.369051 
0.979246 
0.354468 
-0.445126 
-0.712902 
-0.318150 
-0.187013 
0.950474 
-0.294429 
0.505074 
-0.011764 
-0.819400 
0.757744 
0.179822 
0.823314 
-0.557921 
-0.395001 
-0.585455 
-0.186004 
-0.082806 
0.467712 
0.503499 
0.095211 
0.636558 
0.006535 
0.875013 
0.506999 
-0.868515 
0.536239 
0.384815 
0.275895 
-0.094710 
0.364062 
-0.369637 
0.460163 
0.651159 
0.312213 
-0.726849 
0.601634 
-0.982215 
0.778225 
-0.410130 
-0.801616 
0.535969 
0.769692 
-0.978301 
0.978047 
-0.625309 
-0.563756 
-0.207956 
0.291885 
0.903956 
-0.704457 
-0.612904 
0.540515 
0.302078 
-0.737891 
0.047514 
0.433563 
0.798348 
-0.567670 
-0.290542 
-0.296362 
0.796392 
0.339821 
-0.836198 
0.447552 
-0.347965 
-0.563048 
0.049186 
-0.330181 
-0.784822 
0.639056 
-0.131797 
0.751147 
0.408748 
-0.110098 
0.729194 
0.783439 
0.326146 
-0.478762 
0.075324 
0.230102 
-0.183219 
0.462419 
-0.229383 
-0.881140 
0.724528 
0.818131 
0.552422 
0.522876 
-0.749538 
-0.738119 
-0.773486 
-0.953146 
0.601701 
-0.609684 
0.494405 
-0.746264 
-0.172732 
-0.456408 
-0.076445 
0.042445 
-0.817352 
0.791758 
-0.206408 
0.591396 
-0.318340 
-0.477213 
0.374835 
-0.992194 
0.044025 
-0.549841 
0.237908 
0.860805 
0.912578 
-0.991475 
0.979665 
0.637106 
0.826655 
0.532087 
0.159983 
-0.922883 
0.793967 
0.386497 
-0.876029 
0.395669 
0.776812 
0.618376 
0.649404 
-0.395919 
-0.838032 
-0.427040 
0.646525 
-0.655384 
-0.635282 
-0.559883 
0.936011 
0.046378 
-0.037097 
0.310846 
0.054184 
-0.993072 
0.761005 
-0.707908 
0.867733 
0.673583 
-0.699383 
0.847398 
0.310690 
-0.872727 
0.379486 
-0.529327 
-0.795610 
0.173453 
0.857170 
-0.671640 
-0.430878 
0.633983 
0.946735 
-0.781473 
-0.761936 
-0.891296 
-0.208513 
0.884588 
-0.546681 
0.156205 
-0.675294 
-0.610670 
-0.797417 
0.287608 
0.700176 
0.256767 
0.294536 
0.461181 
0.548859 
0.162270 
0.134764 
0.849475 
0.009669 
-0.554546 
0.976747 
-0.610845 
-0.083873 
-0.818863 
0.562608 
-0.226703 
-0.490503 
-0.868270 
-0.592719 
-0.543768 
-0.649743 
-0.354656 
-0.435064 
0.141743 
-0.470068 
0.018254 
-0.702052 
-0.145363 
0.407584 
-0.499469 
-0.857754 
0.107760 
0.757298 
0.436782 
-0.431059 
0.306157 
-0.400947 
0.703705 
0.155632 
0.608721 
-0.850841 
0.132380 
0.997876 
0.065286 
0.313517 
0.560484 
0.838583 
0.823013 
0.692214 
-0.754136 
-0.720754 
-0.957529 
-0.108793 
-0.155819 
0.184214 
0.421139 
0.862435 
0.482161 
-0.724223 
0.270019 
0.982692 
-0.581977 
-0.622221 
0.739990 
0.854804 
-0.053280 
0.046147 
-0.546143 
-0.349575 
-0.798220 
-0.937421 
-0.200416 
0.334160 
-0.939545 
0.864870 
-0.352323 
0.620939 
0.703453 
-0.529309 
0.313153 
0.949316 
-0.250064 
0.355624 
-0.159476 
0.594117 
-0.460162 
-0.738336 
0.456552 
-0.978000 
-0.462559 
-0.273429 
-0.995308 
-0.044537 
0.104350 
0.744681 
-0.189732 
-0.948929 
-0.209171 
0.264125 
-0.298504 
-0.007391 
0.326704 
0.501079 
-0.673231 
0.387159 
0.365949 
-0.025555 
0.008098 
0.069403 
0.445136 
-0.678748 
0.018720 
-0.804928 
0.676875 
0.859243 
0.789188 
-0.783286 
-0.879092 
0.245741 
-0.761286 
-0.341652 
0.972312 
-0.756594 
0.613811 
0.076663 
0.988087 
-0.575921 
0.127733 
-0.221084 
0.688204 
0.829229 
0.771524 
0.014908 
0.330309 
-0.901707 
-0.597933 
-0.303741 
0.072738 
0.410165 
0.765661 
-0.482126 
0.731416 
-0.215619 
-0.287054 
0.408292 
-0.356375 
-0.497865 
0.625006 
-0.235467 
0.747875 
0.863719 
0.422880 
0.720187 
-0.892875 
0.036692 
-0.203150 
-0.904788 
0.460771 
0.924583 
-0.125872 
0.148975 
0.753812 
-0.354348 
-0.836116 
0.084121 
-0.256055 
-0.434049 
0.780379 
0.816683 
0.976115 
0.546041 
-0.665442 
0.707531 
-0.669578 
0.047503 
0.115824 
-0.025953 
0.549637 
-0.259170 
0.738579 
0.297513 
-0.395450 
0.1614